[cyb_sz50]
cyb_sz50_diff = -0.3580593365862583
cyb_b = 0.538696673311
sz50_b = 0.294842752141

